Time_step:
0.05 / 0.1
Max_time:
1000.0
Vertical axis (Number of atoms):
2 3 4 5 6 7 8 9 10 11 12
Horizontal axis (Stock coefficient):
0.05 0.10 0.15 0.20 0.25 0.30 0.35 0.40 0.45 0.50 0.55 0.60 0.65 0.70 0.75 0.80 0.85 0.90 0.95 1.00 1.05 1.10 1.15 1.20 1.25 1.30 1.35 1.40 1.45 1.50 1.55 1.60 1.65 1.70 1.75 1.80 1.85 1.90 1.95 2.00 2.05 2.10 2.15 2.20 2.25 2.30 2.35 2.40 2.45 2.50 2.55 2.60 2.65 2.70 2.75 2.80 2.85 2.90 2.95 3.00 3.05 3.10 3.15 3.20 3.25 3.30 3.35 3.40 3.45 3.50 3.55 3.60 3.65 3.70 3.75 3.80 3.85 3.90 3.95 4.00 4.05 4.10 4.15 4.20 4.25 4.30 4.35 4.40 4.45 4.50 4.55 4.60 4.65 4.70 4.75 4.80 4.85 4.90 4.95 5.00 5.05 5.10 5.15 5.20 5.25 5.30 5.35 5.40 5.45 5.50 5.55 5.60 5.65 5.70 5.75 5.80 5.85 5.90 5.95 6.00 6.05 6.10 6.15 6.20 6.25 6.30 6.35 6.40 6.45 6.50 6.55 6.60 6.65 6.70 6.75 6.80 6.85 6.90 6.95 7.00 7.05 7.10 7.15 7.20 7.25 7.30 7.35 7.40 7.45 7.50 7.55 7.60 7.65 7.70 7.75 7.80 7.85 7.90 7.95 8.00 8.05 8.10 8.15 8.20 8.25 8.30 8.35 8.40 8.45 8.50 8.55 8.60 8.65 8.70 8.75 8.80 8.85 8.90 8.95 9.00 9.05 9.10 9.15 9.20 9.25 9.30 9.35 9.40 9.45 9.50 9.55 9.60 9.65 9.70 9.75 9.80 9.85 9.90 9.95 10.00 10.05 10.10 10.15 10.20 10.25 10.30 10.35 10.40 10.45 10.50 10.55 10.60 10.65 10.70 10.75 10.80 10.85 10.90 10.95 11.00 11.05 11.10 11.15 11.20 11.25 11.30 11.35 11.40 11.45 11.50 11.55 11.60 11.65 11.70 11.75 11.80 11.85 11.90 11.95 

Evolution time:
211.60 105.70 70.40 52.75 42.20 35.10 30.10 26.30 23.40 21.05 19.00 17.55 16.05 15.00 14.05 13.00 12.30 11.70 11.15 10.45 9.85 9.40 9.10 8.80 8.55 8.25 7.85 7.45 7.05 6.80 6.60 6.45 6.30 6.20 6.10 6.00 5.90 5.80 5.70 5.55 5.45 5.30 5.15 4.90 4.55 4.20 4.05 3.95 3.85 3.80 3.75 3.75 3.70 3.70 3.70 3.70 3.70 3.70 3.70 3.75 3.75 3.75 3.80 3.80 3.85 3.90 3.90 3.95 4.00 4.05 4.10 4.15 4.20 4.25 4.30 4.35 4.40 4.45 4.50 4.55 4.65 4.70 4.75 4.85 4.90 4.95 5.00 5.10 5.15 5.20 5.30 5.35 5.45 5.50 5.55 5.65 5.70 5.75 5.85 5.90 5.95 6.05 6.10 6.20 6.25 6.30 6.40 6.45 6.50 6.60 6.65 6.75 6.80 6.85 6.95 7.00 7.05 7.15 7.20 7.30 7.35 7.40 7.50 7.55 7.60 7.70 7.75 7.85 7.90 7.95 8.05 8.10 8.20 8.25 8.30 8.40 8.45 8.55 8.60 8.65 8.75 8.80 8.90 8.95 9.00 9.10 9.15 9.25 9.30 9.35 9.45 9.50 9.60 9.65 9.75 9.80 9.85 9.95 10.00 10.10 10.15 10.25 10.30 10.35 10.45 10.50 10.60 10.65 10.75 10.80 10.90 10.95 11.00 11.10 11.15 11.25 11.30 11.40 11.45 11.55 11.60 11.70 11.75 11.85 11.90 12.00 12.05 12.15 12.20 12.30 12.35 12.45 12.50 12.60 12.65 12.75 12.80 12.90 12.95 13.05 13.10 13.20 13.25 13.35 13.40 13.50 13.55 13.65 13.70 13.80 13.85 13.95 14.00 14.10 14.15 14.25 14.35 14.40 14.50 14.55 14.65 14.70 14.80 14.85 14.95 15.05 15.10 15.20 15.25 15.35 15.40 15.50 15.60 15.65 15.75 15.80 15.90 16.00 16.05 
400.55 200.15 133.35 99.95 79.95 66.65 57.15 50.05 44.50 40.10 36.55 33.55 30.90 28.70 26.95 25.55 23.85 22.70 21.60 20.75 19.55 18.95 17.95 17.40 17.00 16.45 15.55 15.20 14.90 14.60 14.10 13.50 13.25 13.10 12.95 12.80 12.65 12.45 12.10 11.55 11.35 11.25 11.15 11.10 11.05 11.00 10.95 10.90 10.90 10.85 10.85 10.85 10.85 10.80 10.80 10.80 10.80 10.85 10.85 10.85 10.90 10.90 10.95 10.95 11.00 11.05 11.10 11.15 11.20 11.25 11.30 11.35 11.40 11.45 11.50 11.55 11.60 11.65 11.70 11.80 11.85 11.90 11.95 12.00 12.05 12.10 12.15 12.20 12.25 12.35 12.40 12.45 12.50 12.55 12.65 12.70 12.80 12.85 12.95 13.10 13.35 14.20 14.35 14.50 14.60 14.70 14.75 14.85 14.95 15.00 15.05 15.15 15.20 15.25 15.35 15.40 15.45 15.55 15.60 15.65 15.75 15.80 15.85 15.95 16.05 16.15 16.25 16.45 17.40 17.60 17.75 17.85 17.95 18.05 18.15 18.20 18.30 18.35 18.45 18.50 18.60 18.65 18.70 18.80 18.85 18.90 19.00 19.05 19.15 19.25 19.35 19.50 19.85 20.70 20.90 21.05 21.15 21.25 21.35 21.40 21.50 21.55 21.65 21.70 21.80 21.85 21.90 22.00 22.05 22.15 22.20 22.30 22.40 22.50 22.65 22.95 23.90 24.10 24.20 24.35 24.45 24.50 24.60 24.70 24.75 24.85 24.90 25.00 25.05 25.15 25.20 25.30 25.35 25.45 25.55 25.65 25.80 26.05 27.05 27.25 27.40 27.50 27.60 27.70 27.80 27.85 27.95 28.00 28.10 28.15 28.25 28.35 28.40 28.50 28.60 28.70 28.80 28.95 29.15 30.15 30.40 30.55 30.65 30.75 30.85 30.95 31.05 31.10 31.20 31.25 31.35 31.45 31.50 31.60 31.70 31.75 31.90 32.00 32.20 
665.75 332.90 221.95 166.35 133.20 111.40 95.50 83.60 74.70 67.25 61.40 56.35 52.05 48.80 45.70 43.15 40.55 38.50 36.75 35.35 33.95 32.45 31.20 30.35 29.15 28.50 27.65 26.80 26.35 25.45 24.95 24.65 24.30 23.45 23.15 22.90 22.75 22.50 22.15 21.55 21.35 21.20 21.15 21.05 20.95 20.90 20.85 20.80 20.70 20.65 20.55 20.40 20.15 20.00 19.95 19.95 19.95 19.95 19.95 20.00 20.05 20.10 20.25 20.60 20.75 20.90 21.00 21.10 21.15 21.25 21.30 21.40 21.45 21.50 21.60 21.65 21.70 21.80 21.85 21.90 22.00 22.05 22.15 22.25 22.35 22.50 23.15 23.45 23.55 23.70 23.80 23.90 24.00 24.10 24.15 24.25 24.40 24.50 24.70 25.50 25.70 25.85 26.00 26.10 26.15 26.25 26.35 26.45 26.50 26.60 26.70 26.80 26.95 27.25 28.05 28.20 28.35 28.45 28.60 28.70 28.80 28.95 29.20 30.05 30.30 30.40 30.55 30.65 30.75 30.85 30.90 31.00 31.10 31.20 31.35 31.50 32.30 32.60 32.80 32.95 33.05 33.20 33.35 33.55 34.30 34.70 34.85 35.00 35.10 35.20 35.30 35.40 35.50 35.60 35.70 35.80 36.00 36.90 37.15 37.35 37.50 37.60 37.80 37.95 38.35 39.15 39.35 39.45 39.60 39.70 39.80 39.90 39.95 40.10 40.20 40.35 40.55 41.50 41.70 41.90 42.05 42.20 42.40 42.70 43.60 43.80 43.90 44.05 44.15 44.25 44.35 44.45 44.55 44.70 44.85 45.15 46.05 46.25 46.40 46.55 46.75 47.00 47.95 48.20 48.35 48.45 48.60 48.70 48.80 48.90 49.00 49.15 49.30 49.60 50.50 50.70 50.90 51.05 51.25 51.55 52.50 52.70 52.85 52.95 53.05 53.20 53.30 53.40 53.50 53.65 53.85 54.85 55.10 55.30 55.45 55.65 55.90 56.90 57.15 
1000.05 503.45 335.80 251.85 202.05 168.50 144.70 127.15 113.30 102.45 93.50 86.10 79.60 74.65 69.95 66.20 62.60 59.40 57.05 54.30 52.15 50.30 48.60 46.95 45.80 44.55 43.15 42.35 41.20 40.55 39.50 39.05 38.00 37.60 37.25 36.35 36.00 35.75 35.50 35.05 34.45 34.25 34.10 34.00 33.90 33.80 33.65 33.50 33.05 32.90 32.80 32.75 32.75 32.75 32.75 32.75 32.75 32.80 32.80 32.85 32.90 32.95 33.05 33.15 33.35 33.80 33.95 34.10 34.20 34.25 34.35 34.45 34.50 34.60 34.70 34.80 34.90 35.10 35.70 36.05 36.20 36.35 36.45 36.55 36.65 36.80 36.95 37.20 37.95 38.15 38.30 38.40 38.50 38.65 38.75 38.90 39.05 39.85 40.15 40.30 40.45 40.60 40.75 40.95 41.80 42.10 42.25 42.40 42.55 42.75 42.95 43.85 44.05 44.20 44.35 44.45 44.60 44.75 44.90 45.75 46.05 46.25 46.40 46.60 46.80 47.70 48.00 48.20 48.40 48.55 48.85 49.75 49.95 50.10 50.25 50.40 50.50 50.70 51.00 51.85 52.05 52.25 52.40 52.60 53.45 53.85 54.10 54.30 54.55 55.50 55.75 55.95 56.10 56.20 56.40 56.55 57.45 57.75 57.95 58.10 58.30 58.45 59.00 59.75 60.00 60.25 60.70 61.55 61.75 61.90 62.05 62.20 62.45 63.40 63.65 63.80 63.95 64.15 64.30 64.65 65.60 65.85 66.10 67.05 67.45 67.65 67.85 68.00 68.25 69.25 69.45 69.65 69.80 69.95 70.10 70.35 71.35 71.65 71.85 72.20 73.25 73.50 73.70 73.90 74.85 75.20 75.40 75.55 75.70 75.85 76.05 76.90 77.30 77.55 77.80 78.15 79.15 79.40 79.65 80.25 81.00 81.20 81.35 81.50 81.70 81.90 82.85 83.15 83.35 83.60 83.85 84.90 85.20 85.50 86.50 86.85 87.05 87.25 87.40 
1000.05 710.20 473.60 355.45 284.95 238.00 204.60 179.60 160.00 145.05 132.30 121.95 113.05 105.75 99.55 93.75 89.20 84.90 81.15 77.80 74.80 72.35 69.60 67.50 65.70 63.95 62.35 60.80 59.80 58.55 57.20 56.50 55.35 54.80 53.70 53.30 52.40 51.95 51.65 51.25 50.45 50.20 50.05 49.85 49.65 49.05 48.80 48.65 48.60 48.55 48.50 48.45 48.45 48.40 48.40 48.40 48.45 48.45 48.50 48.55 48.60 48.65 48.70 48.80 48.85 48.95 49.10 49.70 50.00 50.15 50.30 50.40 50.50 50.65 50.80 51.10 51.80 52.00 52.15 52.30 52.40 52.55 52.75 53.50 53.80 53.95 54.10 54.25 54.40 54.60 55.35 55.70 55.90 56.10 56.30 56.80 57.50 57.70 57.90 58.15 59.10 59.35 59.55 59.75 59.95 60.70 61.10 61.30 61.50 61.65 61.85 62.55 63.05 63.25 63.45 63.70 64.70 65.00 65.25 65.55 66.55 66.80 67.05 67.35 68.30 68.55 68.75 68.90 69.15 70.05 70.35 70.55 70.75 70.95 71.95 72.25 72.50 72.80 73.90 74.20 74.50 75.55 75.85 76.05 76.30 77.25 77.55 77.80 77.95 78.20 79.10 79.45 79.70 79.90 80.20 81.25 81.55 82.00 83.05 83.30 83.65 84.70 84.95 85.15 85.40 86.40 86.70 86.90 87.10 87.30 88.30 88.65 88.90 89.30 90.40 90.70 91.75 92.20 92.45 92.90 93.85 94.05 94.25 94.50 95.35 95.80 96.05 96.25 96.60 97.65 97.95 98.30 99.45 99.80 100.95 101.25 101.50 101.80 102.85 103.10 103.35 103.55 104.45 104.90 105.15 105.40 105.95 106.85 107.30 108.45 108.80 109.30 110.25 110.50 110.75 111.75 112.10 112.35 112.55 112.80 113.85 114.20 114.50 115.65 116.05 116.60 117.60 117.95 119.05 119.40 119.60 119.85 120.20 121.20 121.45 121.70 122.10 123.10 123.45 
1000.05 948.75 633.25 475.45 380.85 318.45 273.75 240.55 214.85 194.15 177.40 163.60 152.15 142.15 133.55 126.55 119.90 114.45 109.60 104.85 101.05 97.70 94.50 91.40 89.05 86.35 84.40 82.65 80.95 79.35 77.85 76.60 75.60 74.30 73.25 72.45 71.40 70.85 70.30 69.40 69.05 68.70 67.85 67.60 67.40 67.25 66.95 66.35 66.15 66.05 66.00 65.95 65.90 65.85 65.85 65.90 65.90 65.95 65.95 66.05 66.10 66.20 66.30 66.45 67.10 67.35 67.50 67.60 67.75 67.90 68.05 68.55 69.10 69.25 69.40 69.55 69.70 69.90 70.65 70.95 71.10 71.25 71.40 71.60 71.95 72.70 72.95 73.10 73.35 74.05 74.55 74.80 75.10 76.10 76.40 76.70 77.60 78.00 78.25 78.50 79.45 79.75 80.00 80.20 80.45 81.40 81.65 81.85 82.05 82.40 83.30 83.55 83.80 84.75 85.20 85.55 86.65 87.05 87.50 88.50 88.80 89.15 90.15 90.40 90.65 91.00 91.95 92.20 92.40 92.65 93.65 93.95 94.20 94.55 95.65 96.00 97.15 97.55 98.65 99.15 99.50 100.60 100.90 101.20 102.15 102.55 102.75 103.00 103.45 104.30 104.60 104.85 105.95 106.30 106.65 107.85 108.35 109.55 110.00 111.15 111.45 111.80 112.90 113.15 113.40 114.35 114.80 115.00 115.30 116.30 116.70 117.00 118.10 118.60 119.90 120.35 121.60 122.00 123.10 123.50 123.80 124.25 125.20 125.45 125.65 126.10 127.05 127.35 127.80 128.90 129.30 130.60 131.35 132.40 133.60 134.00 134.30 135.40 135.75 136.00 136.35 137.40 137.70 137.95 139.05 139.45 139.80 141.10 142.35 142.95 144.25 144.65 145.75 146.20 146.50 147.45 147.90 148.15 148.45 149.50 149.90 150.20 151.45 151.90 153.25 154.45 155.10 156.35 156.75 157.10 158.20 158.50 158.80 159.75 160.25 160.50 161.40 162.05 162.45 
1000.05 1000.05 811.05 609.25 488.00 408.25 350.55 308.10 274.90 249.20 228.00 210.10 195.15 182.20 171.85 162.15 154.60 146.65 140.95 135.25 129.85 125.30 121.55 118.15 114.80 111.60 109.00 106.40 104.45 102.65 100.95 99.35 97.80 96.30 94.85 93.95 92.85 91.55 91.00 89.85 89.40 88.40 88.00 87.65 86.80 86.50 86.30 86.10 85.85 85.25 85.05 84.95 84.90 84.85 84.85 84.85 84.85 84.90 84.95 85.00 85.10 85.30 85.90 86.15 86.30 86.40 86.55 86.75 87.00 87.75 87.95 88.10 88.25 88.45 88.70 89.45 89.70 89.85 90.00 90.15 90.40 91.25 91.45 91.65 91.80 92.05 92.90 93.20 93.45 93.70 94.65 95.05 95.35 96.45 96.85 97.90 98.35 98.75 99.85 100.15 100.45 101.45 101.75 102.00 102.30 103.25 103.50 103.70 104.00 104.95 105.25 105.45 105.75 106.80 107.10 107.50 108.60 109.10 110.30 111.40 112.05 113.20 113.70 114.10 115.20 115.45 115.75 116.80 117.10 117.35 117.65 118.65 118.90 119.20 120.15 120.60 120.95 122.10 122.55 123.85 124.60 125.80 127.10 127.55 128.75 129.05 129.45 130.50 130.80 131.10 132.15 132.45 132.70 133.10 134.10 134.40 134.85 135.95 136.50 137.85 139.25 140.65 141.25 142.45 142.90 144.05 144.35 144.65 145.75 146.05 146.30 146.70 147.70 148.00 148.50 149.55 150.00 151.30 152.70 154.20 155.10 156.20 156.90 157.85 158.20 159.30 159.65 159.95 161.00 161.40 161.65 162.70 163.15 163.50 164.75 165.35 166.85 168.35 169.80 171.10 171.60 172.75 173.15 173.50 174.50 174.90 175.20 175.60 176.65 177.00 178.15 178.65 180.00 180.80 183.00 184.00 185.15 186.35 186.80 187.15 188.30 188.65 189.00 190.15 190.45 190.80 191.95 192.35 193.60 194.30 196.45 197.60 198.90 200.25 200.70 201.90 202.25 202.65 203.75 
1000.00 1000.00 1000.00 750.90 601.20 503.00 432.10 378.90 338.00 306.30 280.10 258.40 239.90 223.70 211.10 198.90 189.50 179.80 172.60 166.10 159.40 153.40 149.20 144.90 141.10 136.70 133.20 130.10 127.90 125.30 123.30 121.60 119.80 118.20 116.60 115.00 113.60 112.50 111.40 110.10 109.40 108.40 107.80 106.90 106.50 105.80 105.30 105.10 104.90 104.70 104.10 103.80 103.70 103.70 103.70 103.70 103.70 103.80 103.90 104.20 104.80 105.00 105.10 105.30 105.70 106.50 106.70 107.00 107.80 108.20 108.40 108.60 109.00 109.80 110.00 110.20 110.40 111.20 111.60 111.80 112.00 112.20 113.00 113.40 113.60 113.80 114.10 115.10 115.30 115.60 116.70 117.10 118.30 118.90 120.30 121.70 123.10 123.60 124.80 125.20 125.70 126.70 127.00 127.40 128.40 128.60 128.90 130.00 130.30 130.50 131.40 132.00 132.30 133.50 134.00 135.40 137.00 138.70 140.30 141.70 142.30 143.40 143.80 144.90 145.30 145.60 146.70 147.00 147.40 148.50 148.90 149.40 150.50 151.00 152.30 154.10 156.80 158.40 159.80 160.40 161.70 162.10 163.20 163.60 164.00 165.10 165.50 165.80 167.00 167.40 168.70 169.60 171.90 174.00 176.60 177.40 178.60 179.20 180.30 180.70 181.90 182.30 183.40 183.90 184.40 185.60 186.10 187.50 189.40 192.50 194.90 195.70 197.00 198.20 198.80 199.20 200.40 200.70 201.90 202.30 203.40 204.20 205.80 208.60 211.80 213.50 214.10 215.40 215.90 217.10 217.60 218.80 219.30 220.60 221.00 222.40 224.00 227.10 230.00 231.80 232.50 233.80 234.60 235.60 236.00 237.20 237.70 239.00 239.80 241.50 244.20 248.20 249.40 250.60 252.00 252.50 253.80 254.30 255.60 256.10 257.50 258.90 260.70 264.30 267.10 268.70 269.50 270.70 271.30 272.40 273.00 274.20 275.60 277.10 279.20 283.60 285.50 287.00 287.60 
1000.00 1000.00 1000.00 902.40 722.10 604.70 519.60 454.70 406.20 367.90 336.80 310.60 288.20 268.50 254.30 238.70 228.30 215.90 207.30 200.20 191.10 184.30 179.30 174.50 169.50 164.40 159.70 156.30 153.20 150.90 148.30 146.40 144.30 141.90 140.00 138.20 136.40 134.50 132.90 131.50 130.20 128.90 128.30 127.10 126.70 125.70 125.30 125.00 124.10 123.90 123.70 123.50 123.20 122.60 122.50 122.40 122.30 122.30 122.30 122.30 122.40 122.40 122.50 122.70 123.40 123.70 123.90 124.10 125.10 125.50 126.40 127.10 128.30 128.70 129.90 130.30 130.70 131.70 131.90 132.20 133.20 133.50 133.70 133.90 134.90 135.10 135.40 135.60 136.30 136.80 137.00 137.20 137.60 138.50 138.80 139.00 140.00 140.40 140.80 142.00 142.50 144.10 146.80 148.60 150.10 151.50 152.10 153.30 153.70 154.80 155.10 155.40 156.50 156.80 157.10 158.00 158.40 158.70 159.10 160.10 160.50 161.70 162.20 163.70 165.30 168.50 171.40 172.90 173.50 174.80 175.20 176.40 176.70 177.80 178.20 178.60 179.80 180.10 181.10 181.60 182.00 183.20 183.70 185.20 187.20 191.50 194.20 195.60 196.40 197.70 198.10 199.20 199.70 200.00 201.10 201.50 201.90 203.10 203.50 204.80 206.20 207.80 210.10 214.70 216.30 217.70 219.00 219.60 220.80 221.30 222.50 223.00 224.00 224.60 225.00 226.30 226.80 228.20 231.00 235.90 238.80 239.70 240.90 242.10 242.70 243.10 244.30 244.70 245.90 246.40 247.70 249.10 249.90 251.90 257.60 260.30 261.30 262.60 264.00 264.60 265.80 266.90 267.50 268.10 269.20 269.80 271.10 272.90 278.40 282.10 283.80 285.20 285.70 287.00 287.50 288.70 289.20 290.60 291.90 292.70 294.30 296.40 303.10 305.10 306.70 307.60 308.80 310.10 310.60 311.90 312.40 313.70 314.30 316.10 320.50 326.40 328.10 328.70 330.10 
1000.00 1000.00 1000.00 1000.00 803.60 672.40 578.70 507.90 453.70 409.90 374.50 345.10 319.60 298.10 280.40 263.90 250.70 237.10 227.20 217.30 207.40 200.00 193.90 187.00 180.30 174.60 170.50 166.60 163.00 159.70 155.40 151.60 147.80 145.00 142.70 141.40 139.60 138.40 136.90 136.20 134.70 134.00 133.50 132.30 131.70 131.30 131.00 130.60 129.90 129.50 129.30 129.10 129.10 129.10 129.20 129.30 129.40 129.70 130.00 130.40 130.70 131.00 131.20 131.40 131.70 131.90 132.20 132.60 133.10 133.60 134.00 134.30 134.70 135.20 135.80 136.60 137.20 137.90 139.10 140.10 141.50 143.20 146.00 149.90 151.90 153.00 154.00 154.80 155.50 156.10 156.90 157.50 158.20 158.90 159.60 160.50 161.30 162.40 163.60 164.90 166.50 168.40 171.10 175.80 177.80 179.10 180.10 181.00 181.90 182.60 183.50 184.40 185.30 186.30 187.50 188.80 190.20 191.80 193.50 195.60 200.30 203.20 204.70 205.90 207.00 207.90 209.00 210.00 211.10 212.30 213.60 215.10 216.60 218.10 219.80 222.10 227.00 229.60 231.10 232.40 233.60 234.80 236.00 237.30 238.80 240.20 241.70 243.20 244.60 246.40 249.30 254.10 256.30 257.90 259.40 260.70 262.20 263.70 265.30 266.80 268.10 269.50 271.00 272.80 276.40 281.00 283.10 284.90 286.50 288.20 289.90 291.40 292.90 294.20 295.60 297.00 298.70 302.40 307.20 309.60 311.70 313.60 315.50 317.10 318.50 319.80 321.10 322.50 324.00 326.70 332.50 335.50 337.90 340.10 342.00 343.60 344.90 346.20 347.40 348.80 350.50 354.20 360.10 363.10 365.80 367.80 369.30 370.60 371.90 373.20 374.40 376.10 379.10 386.00 389.70 392.40 394.20 395.70 397.00 398.20 399.40 400.80 402.70 407.90 414.30 417.60 419.70 421.20 422.50 423.80 425.00 426.30 428.10 431.80 440.20 443.80 445.80 447.30 448.60 
